1.使用到套件cv2、numpy、os、copy、pandas、re、random
2.PA_3_6_(1_2_3)_1.csv格式有誤，有做以下更動：
	原始格式：
		PA,3,6,w1,w2,w3,1,,
		Index,d,SE,1,2,3,,,
		0,0,0,0,0,0,,,
		1,1,1,1,0,0,,,
		2,2,1,0,1,0,,,
		3,3,1,0,0,1,,,2
		4,4,1,0,-1,0,,,
		5,5,1,-1,0,0,,,
		"	",TSE,5,,,,,,
		"	",MSE,0.277777778,,,,,,
		"	",PSNR,53.69382862,,,,,,
	更改後：
		PA,3,6,w1,w2,w3,1
		Index,d,SE,1,2,3,
		0,0,0,0,0,0,
		1,1,1,1,0,0,
		2,2,1,0,1,0,
		3,3,1,0,0,1,
		4,4,1,0,-1,0,
		5,5,1,-1,0,0,
		"	",TSE,5,,,,
		"	",MSE,0.277777778,,,,
		"	",PSNR,53.69382862,,,,

